3901
4069
3634
4518
3716
3221
4520
3206
4032
3313
3150
4040
3528
4026
3319
4302
3955
3145
3022
3629
4055
3616
3231
3306
3920
3721
3014
2936
3036
3952
3035
3645
2910
3913
4303
3155
3648
3925
2917
2905
4019
4523
3742
3006
4006
3052
4056
3505
4211
3547
3611
3728
3756
3003
3131
4515
3037
3029
3640
3140
3220
4522
4202
3622
3244
3545
4053
3527
3107
3245
3617
2901
3015
3637
3960
3573
3116
3041
3314
3644
3739
3508
3631
3415
4225
3254
2938
3162
3719
3136
4054
2902
3712
3724
3917
3914
3232
3565
3412
3137
